a_hat = 0.0192638176389
se(a) = 0.00713337975887
chi_sq = 7.29279534769
p_value = 0.00692316723609