a_hat = 0.0618347172255
se(a) = 0.0103555591713
chi_sq = 35.6547708019
p_value = 2.35570263296e-09