a_hat = 0.584370705207
se(a) = 0.191402016076
chi_sq = 9.32145820966
p_value = 0.00226485677756