a_hat = -0.251828673378
se(a) = 0.135644516224
chi_sq = 3.44671896109
p_value = 0.0633774634959