a_hat = 0.119135396419
se(a) = 0.0497551021403
chi_sq = 5.73332266766
p_value = 0.016645958551