a_hat = 0.0224011470284
se(a) = 0.0090635623194
chi_sq = 6.10861371055
p_value = 0.0134524603602