a_hat = -0.0242280881225
se(a) = 0.0877388073324
chi_sq = 0.0762526315292
p_value = 0.782441468108