a_hat = -0.0696404085062
se(a) = 0.296623910585
chi_sq = 0.0551201394477
p_value = 0.814381985948