a_hat = -0.0186135223593
se(a) = 0.013015245184
chi_sq = 2.04527835796
p_value = 0.152679055128