a_hat = 0.508461590625
se(a) = 0.217168184116
chi_sq = 5.48180905074
p_value = 0.0192153627369