a_hat = -0.194138084634
se(a) = 0.0886622643482
chi_sq = 4.79450575203
p_value = 0.0285506469882