a_hat = 0.113577400148
se(a) = 0.0481083832551
chi_sq = 5.57368373615
p_value = 0.0182323644785