a_hat = 0.0212005480854
se(a) = 0.00615348214019
chi_sq = 11.8700428953
p_value = 0.000570440986594