a_hat = -0.016662242552
se(a) = 0.0623243830737
chi_sq = 0.0714744673999
p_value = 0.789201931926