a_hat = 0.242358480748
se(a) = 0.217534641094
chi_sq = 1.24125094347
p_value = 0.265230102654