a_hat = 0.424451207292
se(a) = 0.145975736406
chi_sq = 8.45462202722
p_value = 0.00364116911615