a_hat = 0.00897055631116
se(a) = 0.0245010735956
chi_sq = 0.134050526432
p_value = 0.714268735446