a_hat = 0.0134744544488
se(a) = 0.0080254228769
chi_sq = 2.81894452918
p_value = 0.0931576429151