a_hat = -0.150402556316
se(a) = 0.201210207928
chi_sq = 0.558740839385
p_value = 0.454768022819