a_hat = 0.257263383718
se(a) = 0.223745292268
chi_sq = 1.32205079743
p_value = 0.250224328099