a_hat = -0.0333976053543
se(a) = 0.0145020241289
chi_sq = 5.30363234173
p_value = 0.0212810011633