a_hat = 1.01842386401
se(a) = 0.132966771972
chi_sq = 58.6638934911
p_value = 1.86517468137e-14