a_hat = -0.10708367976
se(a) = 0.0814886396753
chi_sq = 1.72684134096
p_value = 0.18881479067