a_hat = 0.115690272417
se(a) = 0.0494508556361
chi_sq = 5.47325983899
p_value = 0.0193095761146