a_hat = 0.0192427718061
se(a) = 0.00684391036821
chi_sq = 7.90545067303
p_value = 0.0049286061079