a_hat = 0.0210692436209
se(a) = 0.00642244465048
chi_sq = 10.7621031295
p_value = 0.00103599591043