a_hat = -0.00331898857308
se(a) = 0.0106462065736
chi_sq = 0.0971900346283
p_value = 0.755228121718