a_hat = -0.274068589749
se(a) = 0.215854788564
chi_sq = 1.61211179328
p_value = 0.20419520296