a_hat = 0.118500377731
se(a) = 0.0484738844752
chi_sq = 5.97618210072
p_value = 0.0145003586884