a_hat = -0.173323229277
se(a) = 0.0918409590943
chi_sq = 3.56156375672
p_value = 0.0591320084254