a_hat = -0.0295808769337
se(a) = 0.0863466962801
chi_sq = 0.117362847508
p_value = 0.731912483342