a_hat = -0.283752059211
se(a) = 0.135422358456
chi_sq = 4.39033133975
p_value = 0.036143288423