a_hat = -0.0253733849459
se(a) = 0.0434992916381
chi_sq = 0.34024554468
p_value = 0.559687523165