a_hat = 0.061105654342 / 0.97604009664 s.d (15.97mmhg/s.d)
se(a) = 0.00975973887876 / 0.15586302989 (*15.97)
chi_sq = 39.2000301902
p_value = 3.8253433754e-10