a_hat = 0.300217840272
se(a) = 0.095290964001
chi_sq = 9.92589214466
p_value = 0.00162969837609