a_hat = 0.432732286426
se(a) = 0.252902625209
chi_sq = 2.92773607345
p_value = 0.0870695113728