a_hat = -0.128317506774
se(a) = 0.417573725591
chi_sq = 0.094429023049
p_value = 0.758620319711