a_hat = 0.00231851445639
se(a) = 0.0252987656083
chi_sq = 0.00839887182598
p_value = 0.926979811796