a_hat = 0.110569158705
se(a) = 0.0495293845764
chi_sq = 4.98358817732
p_value = 0.0255888570247