a_hat = 0.061105654342
se(a) = 0.00975973887876
chi_sq = 39.2000301902
p_value = 3.8253433754e-10