a_hat = 0.0159190356398
se(a) = 0.00812806585863
chi_sq = 3.83582762316
p_value = 0.0501682175936