a_hat = -0.148403854491
se(a) = 0.0863851562919
chi_sq = 2.95129155666
p_value = 0.0858089554843