a_hat = 0.190432604665
se(a) = 0.105062772318
chi_sq = 3.28537465317
p_value = 0.069899673626