a_hat = 0.280652121217
se(a) = 0.114586820327
chi_sq = 5.99884059022
p_value = 0.0143152829162