a_hat = 0.306658295506
se(a) = 0.240228498646
chi_sq = 1.62952257199
p_value = 0.201769096268