a_hat = 0.10684202039
se(a) = 0.257228246227
chi_sq = 0.172522947951
p_value = 0.677879249054