a_hat = -0.0999807082029
se(a) = 0.175605685093
chi_sq = 0.324156902632
p_value = 0.569120142828