a_hat = -0.135338770001
se(a) = 0.0599260487161
chi_sq = 5.10050484379
p_value = 0.0239188809758