a_hat = -0.117262106494
se(a) = 0.115169656074
chi_sq = 1.03666692685
p_value = 0.308597925541