a_hat = -0.0210566631228
se(a) = 0.040450397134
chi_sq = 0.270977678995
p_value = 0.602676689814