a_hat = 0.367080341493
se(a) = 0.10298711469
chi_sq = 12.7044676603
p_value = 0.000364783015876