a_hat = 0.00408729948536
se(a) = 0.0116341370694
chi_sq = 0.123425407218
p_value = 0.725348650061