a_hat = -0.200233881386
se(a) = 0.106486021088
chi_sq = 3.53581824525
p_value = 0.0600566947617