a_hat = -0.148652168221
se(a) = 0.145444361535
chi_sq = 1.04459686282
p_value = 0.306754768012