a_hat = -0.145615841054
se(a) = 0.100002129265
chi_sq = 2.1203070217
p_value = 0.145357402763