a_hat = 0.146234009904
se(a) = 0.060786739784
chi_sq = 5.7873410417
p_value = 0.0161419862941