a_hat = 0.0157816164896
se(a) = 0.00725795918536
chi_sq = 4.7279614564
p_value = 0.0296760381773