a_hat = -0.0683894600603
se(a) = 0.0346571991906
chi_sq = 3.89395945348
p_value = 0.0484600495378