a_hat = -0.168189487487
se(a) = 0.347539263988
chi_sq = 0.234201644512
p_value = 0.628425723052