a_hat = 0.255326016154
se(a) = 0.0704937327964
chi_sq = 13.1186492916
p_value = 0.000292370747395