a_hat = 0.0213919149038
se(a) = 0.00620850242037
chi_sq = 11.8720472143
p_value = 0.000569827411417