a_hat = -0.0993911110799
se(a) = 0.109583174782
chi_sq = 0.822635286245
p_value = 0.36441079508