a_hat = 0.0439950917277
se(a) = 0.00768545595566
chi_sq = 32.7694520159
p_value = 1.0376273174e-08