a_hat = -0.0592285406068
se(a) = 0.312139692725
chi_sq = 0.0360051037306
p_value = 0.849504953028