a_hat = 0.0442229650185
se(a) = 0.00785237113619
chi_sq = 31.7171443499
p_value = 1.78340895385e-08