a_hat = 0.235432112823
se(a) = 0.0944650512755
chi_sq = 6.2113938957
p_value = 0.0126930645028