a_hat = -0.00427595639363
se(a) = 0.00364499314487
chi_sq = 1.37617322359
p_value = 0.240754063556