a_hat = -0.185393370827
se(a) = 0.10507405218
chi_sq = 3.11313131079
p_value = 0.077663516286