a_hat = -0.0946646027629
se(a) = 0.0810169585671
chi_sq = 1.36528513829
p_value = 0.242623616922