a_hat = 0.307765524471
se(a) = 0.0876895295601
chi_sq = 12.3181207727
p_value = 0.000448582089684