a_hat = -0.0730615957423
se(a) = 0.0860799954087
chi_sq = 0.720400219614
p_value = 0.396012661246