a_hat = 0.362379208709
se(a) = 0.108324562285
chi_sq = 11.1910969735
p_value = 0.000821907398394