a_hat = 0.541438389433
se(a) = 0.216439249398
chi_sq = 6.25786301298
p_value = 0.0123643260634