a_hat = 0.189360900586
se(a) = 0.179973582826
chi_sq = 1.10703944584
p_value = 0.292726413884