a_hat = -0.961092606979
se(a) = 0.216439249398
chi_sq = 19.717798982
p_value = 8.97614363249e-06