a_hat = -0.185503193878
se(a) = 0.057958784196
chi_sq = 10.2438745072
p_value = 0.00137139232808