a_hat = 0.0576670842969
se(a) = 0.0657473412342
chi_sq = 0.769306845979
p_value = 0.380431570509