a_hat = 0.0259702454701
se(a) = 0.0455578566029
chi_sq = 0.324956735069
p_value = 0.568643945236