a_hat = 0.0495831849287
se(a) = 0.0582650999379
chi_sq = 0.724188873899
p_value = 0.39477331052