a_hat = -0.0652161016998
se(a) = 0.0513456415009
chi_sq = 1.61325307682
p_value = 0.204035122003