a_hat = 0.0265339637831
se(a) = 0.0387848757206
chi_sq = 0.468036211945
p_value = 0.493891992766