a_hat = -0.0205620070201
se(a) = 0.00907044583392
chi_sq = 5.13894225668
p_value = 0.0233948980018