a_hat = 0.0414536181936
se(a) = 0.00692555431371
chi_sq = 35.8274424384
p_value = 2.15589734953e-09