a_hat = 0.505774252975
se(a) = 0.104920339486
chi_sq = 23.2377492092
p_value = 1.4315947624e-06