a_hat = 0.00136315515939
se(a) = 0.00777118809181
chi_sq = 0.0307691672198
p_value = 0.860756365709