a_hat = -0.00898916084928
se(a) = 0.0183937348569
chi_sq = 0.238835268803
p_value = 0.625048613402