a_hat = -0.00760288421735
se(a) = 0.0232744150823
chi_sq = 0.106708546116
p_value = 0.743922984174