a_hat = 0.248396621717
se(a) = 0.226937585192
chi_sq = 1.19805984249
p_value = 0.273709798349