a_hat = -0.0326807195152
se(a) = 0.0400075455384
chi_sq = 0.667266624478
p_value = 0.414006212341