a_hat = -0.0158950050214
se(a) = 0.0503983128893
chi_sq = 0.0994693642067
p_value = 0.752467349297