a_hat = 0.00540397245202
se(a) = 0.0150523884175
chi_sq = 0.128888871116
p_value = 0.719586888435