a_hat = -0.0457526872963
se(a) = 0.185145007499
chi_sq = 0.0610673682107
p_value = 0.804816806144