a_hat = -0.373970672724
se(a) = 0.235289276458
chi_sq = 2.52621798512
p_value = 0.111968295819