a_hat = 0.134223558741
se(a) = 0.155938284274
chi_sq = 0.740887035921
p_value = 0.389376876983