a_hat = -0.146429479109
se(a) = 0.103941255617
chi_sq = 1.98463715333
p_value = 0.158902743492