a_hat = 0.0139769510469
se(a) = 0.0377515691954
chi_sq = 0.137073932195
p_value = 0.711207423474