a_hat = 0.0436853262761
se(a) = 0.00692517333024
chi_sq = 39.7932922765
p_value = 2.82312950795e-10