a_hat = 0.397218768464
se(a) = 0.080142132201
chi_sq = 24.5661859955
p_value = 7.1800678747e-07