a_hat = -0.0026865074349
se(a) = 0.00998096708717
chi_sq = 0.0724487416479
p_value = 0.787804221459