a_hat = -0.0991078323842
se(a) = 0.173507288852
chi_sq = 0.326272527927
p_value = 0.567862246169