a_hat = -0.168063659354
se(a) = 0.0958763470935
chi_sq = 3.07273192733
p_value = 0.0796155735332