a_hat = -0.0150160199481
se(a) = 0.0243775402138
chi_sq = 0.37942846603
p_value = 0.537909270447