a_hat = 0.0293438381319
se(a) = 0.0322022894007
chi_sq = 0.83034837347
p_value = 0.362171812534