a_hat = -0.0126495285567
se(a) = 0.008407372373
chi_sq = 2.26374817426
p_value = 0.132433185876