a_hat = 0.0191788695965
se(a) = 0.00892189301887
chi_sq = 4.62095766517
p_value = 0.0315835999099