a_hat = 0.0171166251433
se(a) = 0.00923681724244
chi_sq = 3.43393110455
p_value = 0.0638699023954