a_hat = 0.0054460193583
se(a) = 0.0039389595036
chi_sq = 1.91159255213
p_value = 0.166786462664