a_hat = -0.129633211868
se(a) = 0.0883805580806
chi_sq = 2.15138969375
p_value = 0.142440909589