a_hat = -0.0852095395888
se(a) = 0.0748522596126
chi_sq = 1.29588542999
p_value = 0.254966167144