a_hat = -0.0390862695524
se(a) = 0.0908076401685
chi_sq = 0.185269387608
p_value = 0.66688338104