a_hat = 0.36827634617
se(a) = 0.114209532389
chi_sq = 10.3978355528
p_value = 0.00126163111131