a_hat = -0.147311629142
se(a) = 0.145513465953
chi_sq = 1.02486743695
p_value = 0.311367215227