a_hat = -0.0754476693122
se(a) = 0.0722942079293
chi_sq = 1.0891423589
p_value = 0.296661312534