a_hat = 0.302983225202
se(a) = 0.0945099965632
chi_sq = 10.2773624689
p_value = 0.00134672323285