a_hat = 0.215655676145
se(a) = 0.124188993745
chi_sq = 3.0154738769
p_value = 0.0824733469319