a_hat = 0.0184368724412
se(a) = 0.00580468800355
chi_sq = 10.0882709583
p_value = 0.00149216052109