a_hat = 0.0068848534337
se(a) = 0.00513029558824
chi_sq = 1.80096230195
p_value = 0.17959620079