a_hat = 0.0270763852663
se(a) = 0.0323252338333
chi_sq = 0.701613633796
p_value = 0.40224202056