a_hat = -0.383343006125
se(a) = 0.132260343608
chi_sq = 8.40070617739
p_value = 0.00375075275844