a_hat = 0.00133404195539
se(a) = 0.0431758006315
chi_sq = 0.000954680775523
p_value = 0.97535095757