a_hat = -0.0103688989681
se(a) = 0.154455126033
chi_sq = 0.00450672059048
p_value = 0.946476529106