a_hat = 0.0134780481738
se(a) = 0.019775327027
chi_sq = 0.464522398942
p_value = 0.495517973677