a_hat = 0.00854487466616
se(a) = 0.0247105771773
chi_sq = 0.119576438709
p_value = 0.729494330631