a_hat = 0.0596891089848
se(a) = 0.00944467778421
chi_sq = 39.9407209462
p_value = 2.61788257738e-10