a_hat = 0.00868390736648
se(a) = 0.0120579175862
chi_sq = 0.518663566095
p_value = 0.471412324033