a_hat = -0.0730133682995
se(a) = 0.291091491838
chi_sq = 0.0629137749367
p_value = 0.801948496113