a_hat = 0.113189295936
se(a) = 0.22375525816
chi_sq = 0.255896424235
p_value = 0.612953487799