a_hat = -0.0758327115123
se(a) = 0.31298020078
chi_sq = 0.058705587764
p_value = 0.808553633198