a_hat = -0.0399914025782
se(a) = 0.0154255704266
chi_sq = 6.72126171026
p_value = 0.00952702055626