a_hat = -0.0118130694239
se(a) = 0.0118743880336
chi_sq = 0.989698789236
p_value = 0.319816004175