a_hat = -0.0667990025078
se(a) = 0.323643544833
chi_sq = 0.04259965246
p_value = 0.836480944879